id,name,height,sum
1,main 29540,0.0005,1
289,VM Thread 29541,0.1929,0.9995
316,Reference Handler 29542,0.0,0.8066
318,Finalizer 29543,0.0,0.8066
319,C2 CompilerThread0 29545,0.2064,0.8066
631,C1 CompilerThread1 29546,0.2069,0.6002
900,VM Periodic Task Thread 29548,0.3017,0.3933
905,node-4 29549,0.0038,0.0916
969,node-5 29550,0.0038,0.0878
1028,node-1 29551,0.003,0.084
1106,node-2 29552,0.0059,0.081
1169,node-3 29553,0.0029,0.0751
1233,node-0 29554,0.0126,0.0722
1297,Thread 29605,0.0126,0.0596
1387,Thread 29606,0.008,0.047
1473,Thread 29607,0.0104,0.039
1566,Thread 29608,0.0104,0.0286
1680,Thread 29609,0.0108,0.0182
1771,Thread 29610,0.0074,0.0074
